[app/ui]
version = 8.2.0
modtime = 1622061564.940660000

[app/launcher]
version = 8.2.0
modtime = 1622061564.942003000

[app/install/install_source_checksum]
version = 8.2.0
modtime = 1624221151.900042700
